[algorithm_commands]
#search_algorithm: NLOPT_LD_LBFGS
search_algorithm: NLOPT_LN_NELDERMEAD
maxeval: 1000000
maxtime: 6000
num_searches: 1
nnoimp: 5
maximp: 50
optional: true
size: 10000
key: 3
epsabs: 1e-20
epsrel: 1e-9
rftol: 1e-9
init: random


[model_commands]

model: neutralSNP_vs_selectedSNP
n:  50 
folded: false
r_range: 0.02, 50
neu_m:  5043172 
neu_sfs:  12132.3500800189, 2485.02888468966, 2057.99349225731, 1018.32845489443, 905.995861936229, 1223.84910435171, 832.58074520967, 799.068448259946, 1158.06954340191, 661.491467576792, 580.241284086987, 701.054898648649, 425.463181053449, 558.435390416628, 297.913024941377, 311.67536317818, 481.015460223201, 287.010134865533, 286.369315423208, 385.74898340477, 257.599609209073, 253.475220169228, 378.703540350459, 245.34451303787, 348.601303942875, 229.115958240119, 248.412361178175, 328.074680174037, 207.304729798754, 232.660808435852, 369.472607997767, 222.290865903693, 244.952150478495, 351.729459827508, 245.768527918782, 270.833255433512, 387.95664041176, 329.822943825551, 520.523186682521, 355.624494168055, 384.822621184919, 622.550285532995, 369.767374864962, 395.308703590992, 509.955707946753, 318.679235796883, 310.577998756992, 428.914184885523, 380.207148157309 
neu_theta_range: 1e-5, 0.1
neu_e_range: 0, 0.5
sel_m:  21178622 
sel_sfs:  48353.4704946389, 6805.90776003489, 4279.55737636676, 1992.59943484752, 1758.34057227176, 2308.57862353, 1486.10098993075, 1425.39264285055, 1946.43612644255, 906.931740614334, 812.742147048671, 944.856097168597, 552.482528795134, 698.563230019314, 385.232359837988, 362.272013044767, 527.867615439746, 310.054744234299, 354.601715487943, 452.970656116057, 287.126837142129, 264.628129856674, 408.547025867207, 262.192204920299, 399.715864638311, 228.10663683818, 243.126991791405, 335.119228521333, 236.488405352947, 263.820738137083, 362.268406727615, 260.904772187433, 228.274557254427, 385.47094870631, 226.552058657642, 237.371231596167, 380.921157295485, 280.656790708699, 500.190249702735, 389.304808378957, 396.633034111311, 660.665609137056, 436.365262273437, 391.345709068777, 562.032109721662, 349.648064353947, 335.424238657551, 496.589344121191, 405.554291367796 
dfe: discrete
c: 3
theta_range: 1e-6, 0.1
gamma_range: -1000, 500
e_range: 0, 0.5
constraint: equal_mutation_rate


