[algorithm_commands]
#search_algorithm: NLOPT_LD_LBFGS
search_algorithm: NLOPT_LN_NELDERMEAD
maxeval: 1000000
maxtime: 6000
num_searches: 1
nnoimp: 5
maximp: 50
optional: true
size: 10000
key: 3
epsabs: 1e-20
epsrel: 1e-9
rftol: 1e-9
init: random


[model_commands]

model: neutralSNP_vs_selectedSNP
n:  50 
folded: false
r_range: 0.02, 50
neu_m:  4981473 
neu_sfs:  30187.2025316963, 27323.0047238964, 23700.859036803, 10347.3491599534, 11741.5733913442, 5776.23209489705, 4817.70456580125, 5732.374947915, 3187.77335209438, 3966.98236317301, 2149.76552847736, 2031.85632141541, 2618.89077172153, 1595.71424802111, 2158.63409175681, 1369.75804661487, 1214.46402037784, 1773.15151515152, 1017.1053565094, 1436.54716503544, 912.89971846092, 934.529699510832, 1272.24886966778, 809.282565739474, 1156.12399095899, 764.232689747004, 762.852761805193, 1089.41186544343, 762.263356616953, 1063.63301814465, 672.434389140271, 664.381532004197, 1080.75745296671, 680.040895393887, 1042.98279869828, 673.127619934793, 671.822527985075, 1072.54385403329, 709.059393939394, 1164.16350947159, 795.192730995649, 819.501405571173, 1271.216069869, 962.115942028986, 1508.04703328509, 1175.51536200908, 1223.59612968082, 1971.70328762597, 3039.94742667405 
neu_theta_range: 1e-5, 0.1
neu_e_range: 0, 0.5
sel_m:  20955569 
sel_sfs:  93284.1936026599, 38684.2718683825, 28174.7808691107, 11527.5787172358, 12071.8455565502, 5889.0839301701, 4777.97911071322, 5649.02381486586, 2984.56867626367, 3822.39986246511, 2089.99538388433, 1917.45683744932, 2391.20474905559, 1456.77616534741, 1909.52182021634, 1191.13833114721, 1087.59499044789, 1572.24242424242, 962.261440227031, 1298.16874789065, 835.569379273361, 787.239692522711, 1106.96874385689, 747.958048335613, 1011.09783661608, 662.004161118509, 647.23906603938, 1009.87070336391, 690.254672456107, 1007.86199846665, 602.06334841629, 638.637985309549, 966.514616497829, 619.375376668102, 959.018131101813, 625.32580344667, 614.790111940299, 968.78056978233, 663.980121212121, 1048.51179793951, 716.414896339903, 729.365448504983, 1191.70794759825, 910.557575757576, 1366.33339363242, 1070.16671119423, 1121.28600150792, 1836.14868660169, 2745.98367459878 
dfe: discrete
c: 3
theta_range: 1e-6, 0.1
gamma_range: -1000, 500
e_range: 0, 0.5
constraint: equal_mutation_rate


