[algorithm_commands]
#search_algorithm: NLOPT_LD_LBFGS
search_algorithm: NLOPT_LN_NELDERMEAD
maxeval: 1000000
maxtime: 6000
num_searches: 1
nnoimp: 5
maximp: 50
optional: true
size: 10000
key: 3
epsabs: 1e-20
epsrel: 1e-9
rftol: 1e-9
init: random


[model_commands]

model: neutralSNP_vs_selectedSNP
n:  50 
folded: false
r_range: 0.02, 50
neu_m:  4981473 
neu_sfs:  9211.05160357831, 3183.71316210994, 9028.76068341546, 10027.3643941989, 11855.8573640815, 5900.14741503293, 4830.55517241379, 5854.20449372439, 3281.16574798809, 4029.94266840646, 2169.67495943753, 2051.14244593697, 2659.21529437323, 1593.21660272061, 2169.71863377139, 1393.47919626548, 1235.69419286095, 1777.46849951307, 1033.51312987935, 1478.39969228139, 934.628085795225, 951.939034716342, 1273.10758941553, 802.716482532099, 1163.00042789902, 775.384615384615, 766.54275862069, 1086.56100204745, 776.198555956679, 1081.98049281314, 689.772141866455, 656.323589533933, 1070.51116765621, 719.16313795409, 1019.12993421053, 657.533049518261, 677.997922917148, 1057.34846587351, 738.230596456202, 1179.44285238254, 791.154058808746, 856.334384858044, 1263.13582575887, 967.773874577153, 1500.80340063762, 1179.77334397446, 1240.74643221203, 1756.83352735739, 1304.2697706265 
neu_theta_range: 1e-5, 0.1
neu_e_range: 0, 0.5
sel_m:  20955569 
sel_sfs:  28463.9002295788, 4507.54325003994, 10733.0858084031, 11171.0961516501, 12189.3441593772, 6015.42021800015, 4790.72375478927, 5769.08190804448, 3072.00777202073, 3883.06548687, 2109.35127095727, 1935.65709646468, 2428.02346295894, 1454.49598883851, 1919.32717579965, 1211.76618632028, 1106.6073521577, 1576.07026743576, 977.784480719186, 1335.98974271305, 855.457169836773, 801.90516511431, 1107.71590578657, 741.88951925948, 1017.11168164313, 671.664335664336, 650.369827586207, 1007.22798988317, 702.873456203686, 1025.24743326489, 617.586685159501, 630.892273098937, 957.351427763641, 655.007577445955, 937.085526315789, 610.838673537979, 620.44126471267, 955.055259862242, 691.296730721238, 1062.27324225258, 712.776325709977, 762.147213459516, 1184.13308180415, 915.912308092636, 1359.77045696068, 1074.04309656824, 1137.00229357798, 1636.05122235157, 1178.14652516262 
dfe: discrete
c: 3
theta_range: 1e-6, 0.1
gamma_range: -1000, 500
e_range: 0, 0.5
constraint: equal_mutation_rate


