[algorithm_commands]
#search_algorithm: NLOPT_LD_LBFGS
search_algorithm: NLOPT_LN_NELDERMEAD
maxeval: 1000000
maxtime: 6000
num_searches: 1
nnoimp: 5
maximp: 50
optional: true
size: 10000
key: 3
epsabs: 1e-20
epsrel: 1e-9
rftol: 1e-9
init: random


[model_commands]

model: neutralSNP_vs_selectedSNP
n:  50 
folded: false
r_range: 0.02, 50
neu_m:  4067509 
neu_sfs:  5757.77542766328, 2826.82385175037, 3774.01990459304, 1865.68310109344, 1809.61090433558, 2288.76660737762, 1389.10722014558, 1341.43096603441, 1983.81620157139, 1205.78761519249, 1100.94240400668, 1561.2710573776, 943.464473825648, 1369.14241486068, 885.913011426465, 856.343296985247, 1210.12338414906, 756.890683588116, 794.962117950925, 1058.75789057089, 720.881194309833, 657.617800220925, 905.333840634852, 659.451950684006, 919.484770685027, 647.014064447214, 588.71495152871, 870.964584674823, 667.206333399721, 600.822406639004, 904.706132879046, 533.398998330551, 551.017918088737, 851.215155615697, 516.027922814983, 512.295684979958, 769.087576374745, 535.091436865022, 733.250363665751, 492.952752070141, 473.432806804374, 732.705372322339, 407.075118542551, 414.257551669316, 606.536689117334, 407.482711306257, 303.735263702172, 554.846769689071, 435.177923702314 
neu_theta_range: 1e-5, 0.1
neu_e_range: 0, 0.5
sel_m:  17164288 
sel_sfs:  22486.376156025, 6532.85299072514, 5987.26217916245, 2717.30351715154, 2651.55401871039, 3274.44721985925, 1912.75493474982, 1756.63578885458, 2656.46643186128, 1534.36474033244, 1307.80421072157, 1868.00407454412, 1098.39127163281, 1538.21075851393, 993.171396977516, 893.884413085311, 1320.68788446109, 820.911450822036, 757.939302625915, 1164.22410210745, 756.45443176489, 727.055704592078, 1004.69974997282, 668.798513764567, 964.705333177734, 634.152928609578, 647.272744220731, 920.589311010947, 656.035451105357, 578.644398340249, 890.296706416809, 578.859140233723, 533.735068259386, 827.067207938656, 540.169580022702, 579.027587833058, 756.219959266802, 506.722786647315, 723.447551317278, 492.952752070141, 507.318590522479, 726.018361101666, 454.966308959321, 466.162162162162, 641.60209145693, 394.900109769484, 349.99379524302, 602.013032954757, 412.964665415885 
dfe: discrete
c: 3
theta_range: 1e-6, 0.1
gamma_range: -1000, 500
e_range: 0, 0.5
constraint: equal_mutation_rate


