[algorithm_commands]
#search_algorithm: NLOPT_LD_LBFGS
search_algorithm: NLOPT_LN_NELDERMEAD
maxeval: 1000000
maxtime: 6000
num_searches: 1
nnoimp: 5
maximp: 50
optional: true
size: 10000
key: 3
epsabs: 1e-20
epsrel: 1e-9
rftol: 1e-9
init: random


[model_commands]

model: neutralSNP_vs_selectedSNP
n:  50 
folded: false
r_range: 0.02, 50
neu_m:  4572787 
neu_sfs:  23922.5826421931, 13817.002772064, 8021.71067348543, 8902.09303514813, 4224.29268762439, 3435.55063007421, 3065.08499095841, 3743.94778135048, 2106.20935593701, 1706.79969195225, 2406.3100379754, 1301.05972547399, 1207.51646870945, 1174.41518603679, 1565.40647522312, 1015.31533742331, 924.889906576296, 1317.07912200102, 816.215442764579, 781.946861553173, 806.736962260113, 1055.37672759697, 661.771793701506, 650.366459137836, 934.733584499462, 599.156776495975, 608.694516971279, 565.940618197649, 845.828571428571, 587.99740764744, 519.025180522126, 533.672967325228, 848.347053920626, 552.918962075848, 549.720996153067, 760.900790406105, 528.866792929293, 536.058201612059, 552.689714224553, 840.076416896625, 626.896323529412, 618.286424556853, 1030.31046299672, 635.339197361188, 669.204361510791, 721.927422115714, 1198.22474977252, 789.156142365098, 1126.59330693575 
neu_theta_range: 1e-5, 0.1
neu_e_range: 0, 0.5
sel_m:  19199454 
sel_sfs:  81440.5996891538, 22170.9345121962, 10824.7628506669, 10943.5230513983, 5328.98238781057, 4130.33570752602, 3596.59674502712, 4383.42645230439, 2486.18023833168, 2082.4351174432, 2457.63917701071, 1254.05756782812, 1161.83226868949, 1022.84448160535, 1461.66847156354, 881.585860356413, 813.247603346156, 1141.18938233793, 652.354009179266, 656.588757598525, 617.657986730399, 946.34170505771, 549.239616613419, 576.484829379778, 781.683799784715, 505.728940161009, 511.551419186389, 508.107270352634, 789.644306418219, 497.697805758726, 477.914275134234, 437.833776595745, 685.636340321857, 485.363073852295, 466.802186677465, 648.53979285909, 423.093434343434, 470.439024390244, 505.079738841914, 825.25153895139, 603.276995798319, 676.840034587116, 948.310098432373, 682.868389224849, 632.772032374101, 716.152002738788, 1169.29564755839, 787.56027554535, 1030.08276919147 
dfe: discrete
c: 3
theta_range: 1e-6, 0.1
gamma_range: -1000, 500
e_range: 0, 0.5
constraint: none

