[algorithm_commands]
#search_algorithm: NLOPT_LD_LBFGS
search_algorithm: NLOPT_LN_NELDERMEAD
maxeval: 1000000
maxtime: 6000
num_searches: 1
nnoimp: 5
maximp: 50
optional: true
size: 10000
key: 3
epsabs: 1e-20
epsrel: 1e-9
rftol: 1e-9
init: random


[model_commands]

model: neutralSNP_vs_selectedSNP
n:  50 
folded: false
r_range: 0.02, 50
neu_m:  4572787 
neu_sfs:  10380.1373531, 7249.53158990228, 7512.34480199332, 8944.81276639274, 4227.60798296966, 3411.89611734254, 3058.125734759, 3769.71249571624, 2139.45205037133, 1710.04133722269, 2402.63962136579, 1326.34100652377, 1201.45435674393, 1184.35497880802, 1575.21386959444, 1027.54891112419, 928.908674684085, 1321.73057389538, 807.347811560307, 783.779436947736, 800.363223609535, 1045.43872113677, 671.680425792618, 641.00709712258, 934.267960957918, 595.003261578604, 612.552049940948, 560.09475926715, 850.90754315441, 577.27896066402, 527.833709343862, 541.45004803074, 857.024790727624, 548.71894517696, 547.983356727491, 769.681365187713, 524.178489463801, 549.847047537838, 542.2188252539, 816.667815299793, 650.332718794057, 617.31630353118, 1039.2936868317, 644.192608073919, 657.866534740545, 709.039233169862, 1217.7525298988, 796.574427277571, 985.556911024063 
neu_theta_range: 1e-5, 0.1
neu_e_range: 0, 0.5
sel_m:  19199454 
sel_sfs:  35337.5144956655, 11632.688563166, 10137.4076233897, 10996.0392812084, 5333.16466205428, 4101.89744853938, 3588.43069473213, 4413.59186514736, 2525.42008395221, 2086.3901896062, 2453.89046653144, 1278.42553588071, 1155.99950575792, 1031.50143896185, 1470.82593920382, 892.208122424956, 816.781270984677, 1145.21965464703, 645.266622118276, 658.127542982396, 612.77809307605, 937.430432208407, 557.463317506509, 568.188690889455, 781.294415702171, 502.223091976517, 514.793318710984, 502.858798466127, 794.385906833767, 488.625405990617, 486.025098702764, 444.214217098943, 692.649710238249, 481.676216912858, 465.326649288149, 656.023754266212, 419.342791571041, 482.539970155617, 495.510836561617, 802.256030323915, 625.830387159744, 675.778040141677, 956.578365314194, 692.384116158838, 622.051451187335, 703.366919304503, 1188.35196258816, 794.963558870538, 901.128371572468 
dfe: discrete
c: 3
theta_range: 1e-6, 0.1
gamma_range: -1000, 500
e_range: 0, 0.5
constraint: equal_mutation_rate


