[algorithm_commands]
#search_algorithm: NLOPT_LD_LBFGS
search_algorithm: NLOPT_LN_NELDERMEAD
maxeval: 1000000
maxtime: 6000
num_searches: 1
nnoimp: 5
maximp: 50
optional: true
size: 10000
key: 3
epsabs: 1e-20
epsrel: 1e-9
rftol: 1e-9
init: random


[model_commands]

model: neutralSNP_vs_selectedSNP
n:  50 
folded: false
r_range: 0.02, 50
neu_m:  5043172 
neu_sfs:  4516.11618419298, 293.650906139384, 928.445717440817, 987.841738949774, 912.045410377664, 1245.62626901947, 837.216416630947, 803.717159983272, 1172.92877512222, 669.221082089552, 587.561428071404, 715.455035157696, 421.446254910801, 561.447640220462, 304.900936207272, 314.077438570365, 479.944033844742, 288.073765901272, 285.955655889704, 387.075858280692, 260.455281750819, 262.593783494105, 378.548049476689, 240.729559181466, 348.34513493439, 236.466494104113, 256.194436194436, 335.917587538277, 208.584798930371, 231.772507956062, 367.325649215387, 221.675658248254, 243.219846491228, 345.635904294843, 255.338743334106, 267.20564516129, 392.243983271522, 333.505497131931, 525.497363796134, 354.565269034327, 391.474918012875, 632.21632751938, 371.593442622951, 394.333333333333, 508.095234261794, 310.0695599022, 316.097030209933, 397.38599537037, 205.63791322314 
neu_theta_range: 1e-5, 0.1
neu_e_range: 0, 0.5
sel_m:  21178622 
sel_sfs:  17998.9770508168, 804.240543499717, 1930.68478281329, 1932.9449955851, 1770.08142773855, 2349.65745968252, 1494.37535362195, 1433.6850982761, 1971.41091797936, 917.529356892011, 822.995449772489, 964.264073358279, 547.266374702132, 702.331341762772, 394.268451992162, 365.064035740879, 526.6918293491, 311.203776302104, 354.089494477143, 454.528755836309, 290.309839738067, 274.147909967846, 408.379281636537, 257.260344361309, 399.422134191632, 235.424791486914, 250.743490743491, 343.130541871921, 237.948678391443, 262.813468843035, 360.163310651298, 260.182697474476, 226.660197368421, 378.79283697429, 235.373985624855, 234.191820276498, 385.130750414267, 283.790391969407, 504.970123022847, 388.145266658748, 403.489493501761, 670.923449612403, 438.520218579235, 390.380116959064, 559.981645467719, 340.201711491443, 341.384792626728, 460.086557539683, 219.347107438017 
dfe: discrete
c: 3
theta_range: 1e-6, 0.1
gamma_range: -1000, 500
e_range: 0, 0.5
constraint: equal_mutation_rate_AND_no_pol_error


