model: neutralSNP_vs_selectedSNP
n:  50 
folded: false
r_range: 0.02, 50
neu_m:  4067509 
neu_sfs:  1798.12335931959, 218.586504861717, 976.014382020022, 1741.03159482124, 1784.33940594059, 2301.89670014347, 1449.2545913839, 1352.26311111111, 1978.56013819909, 1221.35007849294, 1118.81629213483, 1580.51563238571, 961.398342059337, 1363.61967413754, 905.694138276553, 873.794678780013, 1245.74430264357, 739.456795302013, 805.217655571635, 1051.45871559633, 717.193563218391, 688.695992179863, 908.44076598507, 653.085106382979, 930.350187705303, 666.225408348457, 590.128744186047, 891.058670143416, 648.308171206226, 594.662586699306, 884.922040423484, 563.106382978723, 555.814092953523, 832.147368421053, 526.980138568129, 516.562177381511, 778.834566346608, 529.947242206235, 746.154605263158, 501.38131624353, 479.135793357934, 726.132620678136, 411.328223171651, 410.809798270893, 598.814091384723, 398.82414910859, 316.159914140059, 460.828566863716, 164.220437956204 
neu_theta_range: 1e-5, 0.1
neu_e_range: 0, 0.5
sel_m:  17164288 
sel_sfs:  7022.37847595333, 505.158289623815, 1548.38981868518, 2535.75286891276, 2614.52465346535, 3293.2319205863, 1995.57588584693, 1770.82074074074, 2649.42820125243, 1554.16797488226, 1329.03651685393, 1891.02950908231, 1119.27006980803, 1532.00604298937, 1015.34744488978, 912.100843608047, 1359.56335460346, 802.002936241611, 767.717221418234, 1156.1978333008, 752.584827586207, 761.415444770283, 1008.14767932489, 662.341430725415, 976.105114969498, 652.982395644283, 648.827162790698, 941.828292046936, 637.453696498054, 572.711954304366, 870.827718960539, 611.098404255319, 538.380809595202, 808.540350877193, 551.634180138568, 583.84983575786, 765.803872186369, 501.851318944844, 736.179276315789, 501.38131624353, 513.429766297663, 719.505595456823, 459.719778838904, 462.28242074928, 633.433031042902, 386.508914100486, 364.31070566139, 500.002556318901, 155.83795620438 
