model: neutralSNP_vs_selectedSNP
n:  50 
folded: false
r_range: 0.02, 50
neu_m:  4572787 
neu_sfs:  7541.63005914367, 2209.63299760594, 3349.10013461738, 8067.59592274678, 4278.52505005705, 3471.24952428643, 3093.99190833215, 3799.19540700809, 2171.70611547411, 1748.92814019131, 2439.53839132915, 1319.25206516221, 1197.39577499386, 1183.40290551839, 1585.73073031813, 1024.17122807018, 935.476848736926, 1335.48628386437, 804.807210550732, 793.804856421799, 806.942688729494, 1040.30588235294, 661.995030494692, 650.505246793626, 946.635408245756, 610.492610837438, 614.845953002611, 556.286196992735, 861.602139037433, 580.337751952061, 518.042924699891, 528.309656972409, 863.746582409079, 557.787866772403, 556.008849557522, 779.435332966428, 527.519561815336, 535.943622633702, 541.272481546938, 829.514515904987, 638.616409388877, 622.329675059178, 1031.14322766571, 649.048093971631, 667.493143048277, 720.05076142132, 1166.75573927807, 741.725123251836, 633.145763523217 
neu_theta_range: 1e-5, 0.1
neu_e_range: 0, 0.5
sel_m:  19199454 
sel_sfs:  25674.2712037759, 3545.60459269496, 4519.38697318008, 9917.65886981402, 5397.39699011777, 4173.2541311968, 3630.51636723723, 4448.11055525606, 2563.49294648051, 2133.8352673671, 2491.57632629778, 1271.592690018, 1152.09447310243, 1030.67224080268, 1480.64585753363, 889.275321637427, 822.556608966909, 1157.13835406372, 643.23606600835, 666.545733578883, 617.815496058519, 932.82788671024, 549.424892703863, 576.60785075787, 791.636863379143, 515.297152876346, 516.721131980123, 499.439432336543, 804.370112893642, 491.214454330852, 477.009821753365, 433.433631618195, 698.08228011349, 489.637093576527, 472.141592920354, 664.337369290039, 422.015649452269, 470.338471087204, 494.646013099075, 814.87602444784, 614.555508564178, 681.266193242952, 949.076585014409, 697.602836879433, 631.153974802096, 714.290355329949, 1138.58640289363, 740.225173558708, 578.906813467369 
