[algorithm_commands]
#search_algorithm: NLOPT_LD_LBFGS
search_algorithm: NLOPT_LN_NELDERMEAD
maxeval: 1000000
maxtime: 6000
num_searches: 1
nnoimp: 5
maximp: 50
optional: true
size: 10000
key: 3
epsabs: 1e-20
epsrel: 1e-9
rftol: 1e-9
init: random


[model_commands]

model: neutralSNP_vs_selectedSNP
n:  50 
folded: false
r_range: 0.02, 50
neu_m:  5043172 
neu_sfs:  6017.43794331109, 956.472826151868, 1977.82066784485, 1040.79965753425, 895.226288676085, 1237.07372164071, 835.406506834732, 803.867451452936, 1170.80863512559, 659.078399741894, 583.627874805464, 716.573744320275, 423.288762813487, 557.252190668441, 299.26517571885, 306.895815042435, 477.253392748633, 283.454959911963, 286.978771309103, 391.430734250222, 254.05636743215, 254.089138900909, 377.295463978654, 241.437325905292, 354.739455654032, 235.421766771041, 246.497854077253, 333.83860342556, 206.96772875817, 229.776962283384, 371.057747364011, 221.11104, 243.780955511725, 352.069392065168, 248.665233137166, 265.76193747853, 386.989820498873, 330.504796873149, 519.197030719419, 354.864742904643, 393.249326805386, 625.901909307876, 367.11752774132, 403.139310855873, 510.769199806794, 310.713780487805, 315.490393067939, 432.045285306087, 320.350230414747 
neu_theta_range: 1e-5, 0.1
neu_e_range: 0, 0.5
sel_m:  21178622 
sel_sfs:  23982.4935916092, 2619.55338623054, 4112.83954980932, 2036.5696347032, 1737.43917701716, 2333.52456553313, 1491.14478558958, 1433.95319089772, 1967.84747301523, 903.623326342959, 817.485734048072, 965.771828564411, 549.658951711688, 697.083130706061, 386.980830670926, 356.716564237635, 523.739112821552, 306.214117277158, 355.356384689611, 459.642524401065, 283.17745302714, 265.269061012549, 407.027986955233, 258.016713091922, 406.754038594506, 234.384666476895, 241.25321888412, 341.006916996047, 236.103962418301, 260.550662589195, 363.822638083933, 259.52, 227.183103221565, 385.843490722583, 229.222272521503, 232.926485743731, 379.971870386199, 281.237001065972, 498.915896706941, 388.473102956894, 405.318359853121, 664.222434367542, 433.23815773774, 399.097814005187, 562.928674931573, 340.908536585366, 340.729624513374, 500.214477443935, 341.706912442396 
dfe: discrete
c: 3
theta_range: 1e-6, 0.1
gamma_range: -1000, 500
e_range: 0, 0.5
constraint: equal_mutation_rate


