[algorithm_commands]
#search_algorithm: NLOPT_LD_LBFGS
search_algorithm: NLOPT_LN_NELDERMEAD
maxeval: 1000000
maxtime: 6000
num_searches: 1
nnoimp: 5
maximp: 50
optional: true
size: 10000
key: 3
epsabs: 1e-20
epsrel: 1e-9
rftol: 1e-9
init: random


[model_commands]

model: neutralSNP_vs_selectedSNP
n:  50 
folded: false
r_range: 0.02, 50
neu_m:  4067509 
neu_sfs:  2479.1290861538, 798.788339008544, 3009.52296166896, 1921.87723494831, 1785.73479462875, 2283.2845337843, 1397.17098240759, 1337.62056375055, 1980.587409567, 1218.12185384482, 1121.87931196541, 1555.54300538815, 944.492753623188, 1383.69641602249, 876.021274009239, 846.455039838118, 1254.89577594123, 727.039007580979, 794.95960028551, 1060.73162971065, 711.144554455446, 673.123566878981, 910.255393331881, 651.620805369128, 934.755925839005, 658.828741220962, 594.106732038469, 871.726774563527, 656.741796030654, 577.75631087259, 894.485226799834, 569.067974147537, 559.718553799524, 863.915595220088, 517.525446731509, 490.241674167417, 761.896328293736, 539.057115198451, 730.970227670753, 498.450134113631, 478.162767791184, 723.369416095031, 413.322409881523, 409.932242990654, 607.89790854307, 403.029091897771, 320.292391304348, 541.425578831312, 319.418346545866 
neu_theta_range: 1e-5, 0.1
neu_e_range: 0, 0.5
sel_m:  17164288 
sel_sfs:  9681.9735105961, 1846.0176732332, 4774.43242516881, 2799.14834786134, 2616.56926342812, 3266.60423552925, 1923.85847005337, 1751.64597634, 2652.14285714286, 1550.06005901753, 1332.67506344581, 1861.15066852924, 1099.5884057971, 1554.56195830405, 982.082056892779, 883.562665992159, 1369.55096418733, 788.534803583735, 757.936902212705, 1166.39445162573, 746.237319116527, 744.19872611465, 1010.16147308782, 660.856375838926, 980.72752874912, 645.732757068251, 653.200829719027, 921.394927997961, 645.746119080369, 556.429735639038, 880.238590650576, 617.568085580566, 542.162805802122, 839.407351384057, 541.737163537661, 554.100810081008, 749.149028077754, 510.478218780252, 721.197898423818, 498.450134113631, 512.387096774194, 716.767609168479, 461.948575749937, 461.294911734164, 643.042006380716, 390.584013050571, 369.072554347826, 587.450937155457, 303.113929784824 
dfe: discrete
c: 3
theta_range: 1e-6, 0.1
gamma_range: -1000, 500
e_range: 0, 0.5
constraint: equal_mutation_rate_AND_no_pol_error


