[algorithm_commands]
#search_algorithm: NLOPT_LD_LBFGS
search_algorithm: NLOPT_LN_NELDERMEAD
maxeval: 1000000
maxtime: 6000
num_searches: 1
nnoimp: 5
maximp: 50
optional: true
size: 10000
key: 3
epsabs: 1e-20
epsrel: 1e-9
rftol: 1e-9
init: random


[model_commands]

model: neutralSNP_vs_selectedSNP
n:  50 
folded: false
r_range: 0.02, 50
neu_m:  4981473 
neu_sfs:  14866.8083053411, 6105.53800868578, 15323.7184850198, 10269.5508179767, 11698.1203007519, 5806.72543611152, 4766.64008548441, 5838.27947157778, 3230.54557312897, 4022.88935333169, 2143.79405034325, 2020.78272939801, 2613.66915958248, 1586.50498426023, 2177.71786070894, 1356.60151726892, 1223.69829424307, 1777.85691501481, 1025.36008599068, 1467.41561453234, 914.584880459463, 938.278145695364, 1261.41408450704, 826.308823529412, 1155.62371575342, 787.440395095368, 767.808022420739, 1060.22081943783, 765.064764407734, 1070.87170294494, 678.516979624451, 675.961969152757, 1076.34287349742, 708.863031914894, 1020.31044327573, 663.145604395604, 693.014758390859, 1070.91407619959, 714.075109382596, 1158.96122247782, 791.798984771574, 820.962096158738, 1251.7088629337, 987.567024128686, 1478.86965662228, 1167.97285790314, 1238.43241856886, 1940.08781915759, 1777.69134010643 
neu_theta_range: 1e-5, 0.1
neu_e_range: 0, 0.5
sel_m:  20955569 
sel_sfs:  45941.263446088, 8644.30155531816, 18216.3190686447, 11440.9066143287, 12027.1701982228, 5920.17302817951, 4727.33569393228, 5753.38844239092, 3024.61438121637, 3876.26924022621, 2084.18993135011, 1907.00672121566, 2386.43710319595, 1448.36874781392, 1926.40327009486, 1179.69744459972, 1095.86460554371, 1576.41467304625, 970.071061746089, 1326.0637292794, 837.111793775878, 790.397350993378, 1097.54152501214, 763.694117647059, 1010.66031678082, 682.107459128065, 651.443335084954, 982.810981419724, 692.791439834804, 1014.72112676056, 607.50938873352, 649.769702091697, 962.566685746995, 645.626329787234, 938.170999248685, 616.052655677656, 634.18328969293, 967.308464849354, 668.676956733106, 1043.82632270785, 713.357360406091, 730.66547952175, 1173.42081758846, 934.644772117962, 1339.89786264891, 1063.30015965939, 1134.88176455501, 1806.7067815905, 1605.78809869376 
dfe: discrete
c: 3
theta_range: 1e-6, 0.1
gamma_range: -1000, 500
e_range: 0, 0.5
constraint: equal_mutation_rate


